Node	Parent
3	1
4	1
5	1
6	1
7	2
8	2
9	2
10	2
11	3
12	3
13	3
14	3
15	4
16	4
17	4
18	4
19	5
20	5
21	5
22	5
23	6
24	6
25	6
26	6
27	7
28	7
29	7
30	7
31	8
32	8
33	8
34	8
35	9
36	9
37	9
38	9
39	10
40	10
41	10
42	10
43	11
44	11
45	11
46	11
47	12
48	12
49	12
50	12
51	13
52	13
53	13
54	13
55	14
56	14
57	14
58	14
59	15
60	15
61	15
62	15
63	16
64	16
65	16
66	16
67	17
68	17
69	17
70	17
71	18
72	18
73	18
74	18
75	19
76	19
77	19
78	19
79	20
80	20
81	20
82	20
83	21
84	21
85	21
86	21
87	22
88	22
89	22
90	22
91	23
92	23
93	23
94	23
95	24
96	24
97	24
98	24
99	25
100	25
101	25
102	25
103	26
104	26
105	26
106	26
107	27
108	27
109	27
110	27
111	28
112	28
113	28
114	28
115	29
116	29
117	29
118	29
119	30
120	30
121	30
122	30
123	31
124	31
125	31
126	31
127	32
128	32
129	32
130	32
131	33
132	33
133	33
134	33
135	34
136	34
137	34
138	34
139	35
140	35
141	35
142	35
143	36
144	36
145	36
146	36
147	37
148	37
149	37
150	37
151	38
152	38
153	38
154	38
155	39
156	39
157	39
158	39
159	40
160	40
161	40
162	40
163	41
164	41
165	41
166	41
167	42
168	42
169	42
170	42
171	43
172	43
173	43
174	43
175	44
176	44
177	44
178	44
179	45
180	45
181	45
182	45
183	46
184	46
185	46
186	46
187	47
188	47
189	47
190	47
191	48
192	48
193	48
194	48
195	49
196	49
197	49
198	49
199	50
200	50
201	50
202	50
203	51
204	51
205	51
206	51
207	52
208	52
209	52
210	52
211	53
212	53
213	53
214	53
215	54
216	54
217	54
218	54
219	55
220	55
221	55
222	55
223	56
224	56
225	56
226	56
227	57
228	57
229	57
230	57
231	58
232	58
233	58
234	58
235	59
236	59
237	59
238	59
239	60
240	60
241	60
242	60
243	61
244	61
245	61
246	61
247	62
248	62
249	62
250	62
251	63
252	63
253	63
254	63
255	64
256	64
257	64
258	64
259	65
260	65
261	65
262	65
263	66
264	66
265	66
266	66
267	67
268	67
269	67
270	67
271	68
272	68
273	68
274	68
275	69
276	69
277	69
278	69
279	70
280	70
281	70
282	70
283	71
284	71
285	71
286	71
287	72
288	72
289	72
290	72
291	73
292	73
293	73
294	73
295	74
296	74
297	74
298	74
299	75
300	75
301	75
302	75
303	76
304	76
305	76
306	76
307	77
308	77
309	77
310	77
311	78
312	78
313	78
314	78
315	79
316	79
317	79
318	79
319	80
320	80
321	80
322	80
323	81
324	81
325	81
326	81
327	82
328	82
329	82
330	82
331	83
332	83
333	83
334	83
335	84
336	84
337	84
338	84
339	85
340	85
341	85
342	85
343	86
344	86
345	86
346	86
347	87
348	87
349	87
350	87
351	88
352	88
353	88
354	88
355	89
356	89
357	89
358	89
359	90
360	90
361	90
362	90
363	91
364	91
365	91
366	91
367	92
368	92
369	92
370	92
371	93
372	93
373	93
374	93
375	94
376	94
377	94
378	94
379	95
380	95
381	95
382	95
383	96
384	96
385	96
386	96
387	97
388	97
389	97
390	97
391	98
392	98
393	98
394	98
395	99
396	99
397	99
398	99
399	100
400	100
401	100
402	100
403	101
404	101
405	101
406	101
407	102
408	102
409	102
410	102
411	103
412	103
413	103
414	103
415	104
416	104
417	104
418	104
419	105
420	105
421	105
422	105
423	106
424	106
425	106
426	106
427	107
428	107
429	107
430	107
431	108
432	108
433	108
434	108
435	109
436	109
437	109
438	109
439	110
440	110
441	110
442	110
443	111
444	111
445	111
446	111
447	112
448	112
449	112
450	112
451	113
452	113
453	113
454	113
455	114
456	114
457	114
458	114
459	115
460	115
461	115
462	115
463	116
464	116
465	116
466	116
467	117
468	117
469	117
470	117
471	118
472	118
473	118
474	118
475	119
476	119
477	119
478	119
479	120
480	120
481	120
482	120
483	121
484	121
485	121
486	121
487	122
488	122
489	122
490	122
491	123
492	123
493	123
494	123
495	124
496	124
497	124
498	124
499	125
500	125
501	125
502	125
503	126
504	126
505	126
506	126
507	127
508	127
509	127
510	127
511	128
512	128
513	128
514	128
515	129
516	129
517	129
518	129
519	130
520	130
521	130
522	130
523	131
524	131
525	131
526	131
527	132
528	132
529	132
530	132
531	133
532	133
533	133
534	133
535	134
536	134
537	134
538	134
539	135
540	135
541	135
542	135
543	136
544	136
545	136
546	136
547	137
548	137
549	137
550	137
551	138
552	138
553	138
554	138
555	139
556	139
557	139
558	139
559	140
560	140
561	140
562	140
563	141
564	141
565	141
566	141
567	142
568	142
569	142
570	142
571	143
572	143
573	143
574	143
575	144
576	144
577	144
578	144
579	145
580	145
581	145
582	145
583	146
584	146
585	146
586	146
587	147
588	147
589	147
590	147
591	148
592	148
593	148
594	148
595	149
596	149
597	149
598	149
599	150
600	150
601	150
602	150
603	151
604	151
605	151
606	151
607	152
608	152
609	152
610	152
611	153
612	153
613	153
614	153
615	154
616	154
617	154
618	154
619	155
620	155
621	155
622	155
623	156
624	156
625	156
626	156
627	157
628	157
629	157
630	157
631	158
632	158
633	158
634	158
635	159
636	159
637	159
638	159
639	160
640	160
641	160
642	160
643	161
644	161
645	161
646	161
647	162
648	162
649	162
650	162
651	163
652	163
653	163
654	163
655	164
656	164
657	164
658	164
659	165
660	165
661	165
662	165
663	166
664	166
665	166
666	166
667	167
668	167
669	167
670	167
671	168
672	168
673	168
674	168
675	169
676	169
677	169
678	169
679	170
680	170
681	170
682	170
683	171
684	171
685	172
686	172
687	173
688	173
689	174
690	174
691	175
692	175
693	176
694	176
695	177
696	177
697	178
698	178
699	179
700	179
701	180
702	180
703	181
704	181
705	182
706	182
707	183
708	183
709	184
710	184
711	185
712	185
713	186
714	186
715	187
716	187
717	188
718	188
719	189
720	189
721	190
722	190
723	191
724	191
725	192
726	192
727	193
728	193
729	194
730	194
731	195
732	195
733	196
734	196
735	197
736	197
737	198
738	198
739	199
740	199
741	200
742	200
743	201
744	201
745	202
746	202
747	203
748	203
749	204
750	204
751	205
752	205
753	206
754	206
755	207
756	207
757	208
758	208
759	209
760	209
761	210
762	210
763	211
764	211
765	212
766	212
767	213
768	213
769	214
770	214
771	215
772	215
773	216
774	216
775	217
776	217
777	218
778	218
779	219
780	219
781	220
782	220
783	221
784	221
785	222
786	222
787	223
788	223
789	224
790	224
791	225
792	225
793	226
794	226
795	227
796	227
797	228
798	228
799	229
800	229
801	230
802	230
803	231
804	231
805	232
806	232
807	233
808	233
809	234
810	234
811	235
812	235
813	236
814	236
815	237
816	237
817	238
818	238
819	239
820	239
821	240
822	240
823	241
824	241
825	242
826	242
827	243
828	243
829	244
830	244
831	245
832	245
833	246
834	246
835	247
836	247
837	248
838	248
839	249
840	249
841	250
842	250
843	251
844	251
845	252
846	252
847	253
848	253
849	254
850	254
851	255
852	255
853	256
854	256
855	257
856	257
857	258
858	258
859	259
860	259
861	260
862	260
863	261
864	261
865	262
866	262
867	263
868	263
869	264
870	264
871	265
872	265
873	266
874	266
875	267
876	267
877	268
878	268
879	269
880	269
881	270
882	270
883	271
884	271
885	272
886	272
887	273
888	273
889	274
890	274
891	275
892	275
893	276
894	276
895	277
896	277
897	278
898	278
899	279
900	279
901	280
902	280
903	281
904	281
905	282
906	282
907	283
908	283
909	284
910	284
911	285
912	285
913	286
914	286
915	287
916	287
917	288
918	288
919	289
920	289
921	290
922	290
923	291
924	291
925	292
926	292
927	293
928	293
929	294
930	294
931	295
932	295
933	296
934	296
935	297
936	297
937	298
938	298
939	299
940	299
941	300
942	300
943	301
944	301
945	302
946	302
947	303
948	303
949	304
950	304
951	305
952	305
953	306
954	306
955	307
956	307
957	308
958	308
959	309
960	309
961	310
962	310
963	311
964	311
965	312
966	312
967	313
968	313
969	314
970	314
971	315
972	315
973	316
974	316
975	317
976	317
977	318
978	318
979	319
980	319
981	320
982	320
983	321
984	321
985	322
986	322
987	323
988	323
989	324
990	324
991	325
992	325
993	326
994	326
995	327
996	327
997	328
998	328
999	329
1000	329
1001	330
1002	330
1003	331
1004	331
1005	332
1006	332
1007	333
1008	333
1009	334
1010	334
1011	335
1012	335
1013	336
1014	336
1015	337
1016	337
1017	338
1018	338
1019	339
1020	339
1021	340
1022	340
1023	341
1024	341
1025	342
1026	342
1027	343
1028	343
1029	344
1030	344
1031	345
1032	345
1033	346
1034	346
1035	347
1036	347
1037	348
1038	348
1039	349
1040	349
1041	350
1042	350
1043	351
1044	351
1045	352
1046	352
1047	353
1048	353
1049	354
1050	354
1051	355
1052	355
1053	356
1054	356
1055	357
1056	357
1057	358
1058	358
1059	359
1060	359
1061	360
1062	360
1063	361
1064	361
1065	362
1066	362
1067	363
1068	363
1069	364
1070	364
1071	365
1072	365
1073	366
1074	366
1075	367
1076	367
1077	368
1078	368
1079	369
1080	369
1081	370
1082	370
1083	371
1084	371
1085	372
1086	372
1087	373
1088	373
1089	374
1090	374
1091	375
1092	375
1093	376
1094	376
1095	377
1096	377
1097	378
1098	378
1099	379
1100	379
1101	380
1102	380
1103	381
1104	381
1105	382
1106	382
1107	383
1108	383
1109	384
1110	384
1111	385
1112	385
1113	386
1114	386
1115	387
1116	387
1117	388
1118	388
1119	389
1120	389
1121	390
1122	390
1123	391
1124	391
1125	392
1126	392
1127	393
1128	393
1129	394
1130	394
1131	395
1132	395
1133	396
1134	396
1135	397
1136	397
1137	398
1138	398
1139	399
1140	399
1141	400
1142	400
1143	401
1144	401
1145	402
1146	402
1147	403
1148	403
1149	404
1150	404
1151	405
1152	405
1153	406
1154	406
1155	407
1156	407
1157	408
1158	408
1159	409
1160	409
1161	410
1162	410
1163	411
1164	411
1165	412
1166	412
1167	413
1168	413
1169	414
1170	414
1171	415
1172	415
1173	416
1174	416
1175	417
1176	417
1177	418
1178	418
1179	419
1180	419
1181	420
1182	420
1183	421
1184	421
1185	422
1186	422
1187	423
1188	423
1189	424
1190	424
1191	425
1192	425
1193	426
1194	426
1195	427
1196	427
1197	428
1198	428
1199	429
1200	429
1201	430
1202	430
1203	431
1204	431
1205	432
1206	432
1207	433
1208	433
1209	434
1210	434
1211	435
1212	435
1213	436
1214	436
1215	437
1216	437
1217	438
1218	438
1219	439
1220	439
1221	440
1222	440
1223	441
1224	441
1225	442
1226	442
1227	443
1228	443
1229	444
1230	444
1231	445
1232	445
1233	446
1234	446
1235	447
1236	447
1237	448
1238	448
1239	449
1240	449
1241	450
1242	450
1243	451
1244	451
1245	452
1246	452
1247	453
1248	453
1249	454
1250	454
1251	455
1252	455
1253	456
1254	456
1255	457
1256	457
1257	458
1258	458
1259	459
1260	459
1261	460
1262	460
1263	461
1264	461
1265	462
1266	462
1267	463
1268	463
1269	464
1270	464
1271	465
1272	465
1273	466
1274	466
1275	467
1276	467
1277	468
1278	468
1279	469
1280	469
1281	470
1282	470
1283	471
1284	471
1285	472
1286	472
1287	473
1288	473
1289	474
1290	474
1291	475
1292	475
1293	476
1294	476
1295	477
1296	477
1297	478
1298	478
1299	479
1300	479
1301	480
1302	480
1303	481
1304	481
1305	482
1306	482
1307	483
1308	483
1309	484
1310	484
1311	485
1312	485
1313	486
1314	486
1315	487
1316	487
1317	488
1318	488
1319	489
1320	489
1321	490
1322	490
1323	491
1324	491
1325	492
1326	492
1327	493
1328	493
1329	494
1330	494
1331	495
1332	495
1333	496
1334	496
1335	497
1336	497
1337	498
1338	498
1339	499
1340	499
1341	500
1342	500
1343	501
1344	501
1345	502
1346	502
1347	503
1348	503
1349	504
1350	504
1351	505
1352	505
1353	506
1354	506
1355	507
1356	507
1357	508
1358	508
1359	509
1360	509
1361	510
1362	510
1363	511
1364	511
1365	512
1366	512
1367	513
1368	513
1369	514
1370	514
1371	515
1372	515
1373	516
1374	516
1375	517
1376	517
1377	518
1378	518
1379	519
1380	519
1381	520
1382	520
1383	521
1384	521
1385	522
1386	522
1387	523
1388	523
1389	524
1390	524
1391	525
1392	525
1393	526
1394	526
1395	527
1396	527
1397	528
1398	528
1399	529
1400	529
1401	530
1402	530
1403	531
1404	531
1405	532
1406	532
1407	533
1408	533
1409	534
1410	534
1411	535
1412	535
1413	536
1414	536
1415	537
1416	537
1417	538
1418	538
1419	539
1420	539
1421	540
1422	540
1423	541
1424	541
1425	542
1426	542
1427	543
1428	543
1429	544
1430	544
1431	545
1432	545
1433	546
1434	546
1435	547
1436	547
1437	548
1438	548
1439	549
1440	549
1441	550
1442	550
1443	551
1444	551
1445	552
1446	552
1447	553
1448	553
1449	554
1450	554
1451	555
1452	555
1453	556
1454	556
1455	557
1456	557
1457	558
1458	558
1459	559
1460	559
1461	560
1462	560
1463	561
1464	561
1465	562
1466	562
1467	563
1468	563
1469	564
1470	564
1471	565
1472	565
1473	566
1474	566
1475	567
1476	567
1477	568
1478	568
1479	569
1480	569
1481	570
1482	570
1483	571
1484	571
1485	572
1486	572
1487	573
1488	573
1489	574
1490	574
1491	575
1492	575
1493	576
1494	576
1495	577
1496	577
1497	578
1498	578
1499	579
1500	579
1501	580
1502	580
1503	581
1504	581
1505	582
1506	582
1507	583
1508	583
1509	584
1510	584
1511	585
1512	585
1513	586
1514	586
1515	587
1516	587
1517	588
1518	588
1519	589
1520	589
1521	590
1522	590
1523	591
1524	591
1525	592
1526	592
1527	593
1528	593
1529	594
1530	594
1531	595
1532	595
1533	596
1534	596
1535	597
1536	597
1537	598
1538	598
1539	599
1540	599
1541	600
1542	600
1543	601
1544	601
1545	602
1546	602
1547	603
1548	603
1549	604
1550	604
1551	605
1552	605
1553	606
1554	606
1555	607
1556	607
1557	608
1558	608
1559	609
1560	609
1561	610
1562	610
1563	611
1564	611
1565	612
1566	612
1567	613
1568	613
1569	614
1570	614
1571	615
1572	615
1573	616
1574	616
1575	617
1576	617
1577	618
1578	618
1579	619
1580	619
1581	620
1582	620
1583	621
1584	621
1585	622
1586	622
1587	623
1588	623
1589	624
1590	624
1591	625
1592	625
1593	626
1594	626
1595	627
1596	627
1597	628
1598	628
1599	629
1600	629
1601	630
1602	630
1603	631
1604	631
1605	632
1606	632
1607	633
1608	633
1609	634
1610	634
1611	635
1612	635
1613	636
1614	636
1615	637
1616	637
1617	638
1618	638
1619	639
1620	639
1621	640
1622	640
1623	641
1624	641
1625	642
1626	642
1627	643
1628	643
1629	644
1630	644
1631	645
1632	645
1633	646
1634	646
1635	647
1636	647
1637	648
1638	648
1639	649
1640	649
1641	650
1642	650
1643	651
1644	651
1645	652
1646	652
1647	653
1648	653
1649	654
1650	654
1651	655
1652	655
1653	656
1654	656
1655	657
1656	657
1657	658
1658	658
1659	659
1660	659
1661	660
1662	660
1663	661
1664	661
1665	662
1666	662
1667	663
1668	663
1669	664
1670	664
1671	665
1672	665
1673	666
1674	666
1675	667
1676	667
1677	668
1678	668
1679	669
1680	669
1681	670
1682	670
1683	671
1684	671
1685	672
1686	672
1687	673
1688	673
1689	674
1690	674
1691	675
1692	675
1693	676
1694	676
1695	677
1696	677
1697	678
1698	678
1699	679
1700	679
1701	680
1702	680
1703	681
1704	681
1705	682
1706	682
